0	0.5652
0.01	0.565
0.02	0.5648
0.03	0.5652
0.04	0.5648
0.05	0.5649
0.06	0.565
0.07	0.5643
0.08	0.5647
0.09	0.5647
0.1001	0.5636
0.1101	0.5644
0.1201	0.5637
0.1301	0.5637
0.1401	0.5635
0.1501	0.5636
0.1601	0.5634
0.1701	0.5634
0.1801	0.5629
0.1901	0.563
0.2001	0.5624
0.2101	0.5617
0.2201	0.5618
0.2301	0.5614
0.2401	0.5612
0.2501	0.5611
0.2601	0.5605
0.2701	0.5602
0.2801	0.5598
0.2901	0.5595
0.3002	0.5592
0.3102	0.5588
0.3202	0.5586
0.3302	0.5583
0.3402	0.5585
0.3502	0.558
0.3602	0.5575
0.3702	0.557
0.3802	0.5573
0.3902	0.5566
0.4002	0.5561
0.4102	0.556
0.4202	0.5556
0.4302	0.5554
0.4402	0.555
0.4502	0.5544
0.4602	0.5543
0.4702	0.5534
0.4802	0.5532
0.4902	0.5529
0.5003	0.5526
0.5103	0.5521
0.5203	0.5516
0.5303	0.5514
0.5403	0.5509
0.5503	0.5505
0.5603	0.5501
0.5703	0.5497
0.5803	0.5493
0.5903	0.549
0.6003	0.5485
0.6103	0.548
0.6203	0.5472
0.6303	0.5471
0.6403	0.5468
0.6503	0.5465
0.6603	0.546
0.6703	0.5455
0.6803	0.5449
0.6903	0.5444
0.7004	0.5442
0.7104	0.5434
0.7204	0.5431
0.7304	0.5426
0.7404	0.5417
0.7504	0.5413
0.7604	0.5407
0.7704	0.54
0.7804	0.5394
0.7904	0.539
0.8004	0.5386
0.8104	0.5382
0.8204	0.5378
0.8304	0.5374
0.8404	0.5368
0.8504	0.5361
0.8604	0.536
0.8704	0.5357
0.8804	0.5355
0.8904	0.5351
0.9005	0.5346
0.9105	0.5344
0.9205	0.5337
0.9305	0.5329
0.9405	0.5334
0.9505	0.5331
0.9605	0.5317
0.9705	0.5302
0.9805	0.5302
0.9905	0.5299
1.0005	0.5295
1.0105	0.5292
1.0205	0.5289
1.0305	0.5284
1.0405	0.528
1.0505	0.5276
1.0605	0.527
1.0705	0.5267
1.0805	0.5263
1.0905	0.5259
1.1006	0.5253
1.1106	0.5248
1.1206	0.5243
1.1306	0.5238
1.1406	0.5233
1.1506	0.5229
1.1606	0.5226
1.1706	0.5222
1.1806	0.5219
1.1906	0.5216
1.2006	0.5212
1.2106	0.5207
1.2206	0.5202
1.2306	0.5197
1.2406	0.5193
1.2506	0.5188
1.2606	0.5184
1.2706	0.5178
1.2806	0.5172
1.2906	0.5164
1.3007	0.5155
1.3107	0.5146
1.3207	0.5138
1.3307	0.5129
1.3407	0.512
1.3507	0.511
1.3607	0.5098
1.3707	0.5086
1.3807	0.5075
1.3907	0.5067
1.4007	0.5062
1.4107	0.5059
1.4207	0.5057
1.4307	0.5055
1.4407	0.5053
1.4507	0.505
1.4607	0.5047
1.4707	0.5043
1.4807	0.5039
1.4907	0.5034
1.5008	0.5029
1.5108	0.5025
1.5208	0.5023
1.5308	0.502
1.5408	0.5015
1.5508	0.5008
1.5608	0.5001
1.5708	0.4995
1.5808	0.4988
1.5908	0.4982
1.6008	0.4974
1.6108	0.4967
1.6208	0.4958
1.6308	0.4949
1.6408	0.494
1.6508	0.4932
1.6608	0.4923
1.6708	0.4916
1.6808	0.491
1.6908	0.4904
1.7009	0.4897
1.7109	0.4891
1.7209	0.4886
1.7309	0.4881
1.7409	0.4876
1.7509	0.4871
1.7609	0.4866
1.7709	0.4861
1.7809	0.4856
1.7909	0.4851
1.8009	0.4844
1.8109	0.4837
1.8209	0.4829
1.8309	0.4821
1.8409	0.4814
1.8509	0.4807
1.8609	0.48
1.8709	0.4794
1.8809	0.4789
1.8909	0.4783
1.901	0.4777
1.911	0.477
1.921	0.4762
1.931	0.4754
1.941	0.4746
1.951	0.4737
1.961	0.4729
1.971	0.4721
1.981	0.4713
1.991	0.4705
2.001	0.4698
2.011	0.4691
2.021	0.4684
2.031	0.4678
2.041	0.4676
2.051	0.4673
2.061	0.467
2.071	0.4666
2.081	0.4661
2.091	0.4655
2.1011	0.4646
2.1111	0.4636
2.1211	0.4624
2.1311	0.4611
2.1411	0.4597
2.1511	0.4583
2.1611	0.4574
2.1711	0.4569
2.1811	0.457
2.1911	0.4571
2.2011	0.4571
2.2111	0.4569
2.2211	0.4565
2.2311	0.456
2.2411	0.4553
2.2511	0.4546
2.2611	0.4537
2.2711	0.4528
2.2811	0.4519
2.2911	0.451
2.3012	0.4502
2.3112	0.4496
2.3212	0.449
2.3312	0.4485
2.3412	0.4479
2.3512	0.4473
2.3612	0.4467
2.3712	0.4462
2.3812	0.4456
2.3912	0.4451
2.4012	0.4446
2.4112	0.4441
2.4212	0.4435
2.4312	0.4429
2.4412	0.4423
2.4512	0.4416
2.4612	0.4408
2.4712	0.4401
2.4812	0.4394
2.4912	0.4387
2.5013	0.4381
2.5113	0.4375
2.5213	0.4369
2.5313	0.4362
2.5413	0.4356
2.5513	0.4351
2.5613	0.4345
2.5713	0.4339
2.5813	0.4333
2.5913	0.4328
2.6013	0.4322
2.6113	0.4316
2.6213	0.4311
2.6313	0.4305
2.6413	0.43
2.6513	0.4294
2.6613	0.4289
2.6713	0.4284
2.6813	0.4278
2.6913	0.4273
2.7014	0.4268
2.7114	0.4263
2.7214	0.4258
2.7314	0.4253
2.7414	0.4248
2.7514	0.4243
2.7614	0.4238
2.7714	0.4233
2.7814	0.4227
2.7914	0.4222
2.8014	0.4216
2.8114	0.4211
2.8214	0.4206
2.8314	0.4201
2.8414	0.4196
2.8514	0.4191
2.8614	0.4187
2.8714	0.4183
2.8814	0.4179
2.8914	0.4175
2.9015	0.4171
2.9115	0.4167
2.9215	0.4162
2.9315	0.4158
2.9415	0.4154
2.9515	0.415
2.9615	0.4147
2.9715	0.4144
2.9815	0.414
2.9915	0.4137
3.0015	0.4134
3.0115	0.4131
3.0215	0.4128
3.0315	0.4125
3.0415	0.4122
3.0515	0.4119
3.0615	0.4116
3.0715	0.4113
3.0815	0.4109
3.0915	0.4105
3.1016	0.41
3.1116	0.4094
3.1216	0.4088
3.1316	0.4082
3.1416	0.4075
3.1516	0.4069
3.1616	0.4062
3.1716	0.4056
3.1816	0.4049
3.1916	0.4042
3.2016	0.4036
3.2116	0.4029
3.2216	0.4023
3.2316	0.4016
3.2416	0.4011
3.2516	0.4006
3.2616	0.4001
3.2716	0.3997
3.2816	0.3993
3.2916	0.3988
3.3017	0.3984
3.3117	0.398
3.3217	0.3976
3.3317	0.3971
3.3417	0.3967
3.3517	0.3963
3.3617	0.3959
3.3717	0.3954
3.3817	0.395
3.3917	0.3946
3.4017	0.3942
3.4117	0.3938
3.4217	0.3933
3.4317	0.3929
3.4417	0.3925
3.4517	0.3921
3.4617	0.3917
3.4717	0.3913
3.4817	0.3909
3.4917	0.3905
3.5018	0.3902
3.5118	0.3898
3.5218	0.3895
3.5318	0.3891
3.5418	0.3888
3.5518	0.3884
3.5618	0.3881
3.5718	0.3877
3.5818	0.3874
3.5918	0.387
3.6018	0.3866
3.6118	0.3861
3.6218	0.3857
3.6318	0.3852
3.6418	0.3846
3.6518	0.3841
3.6618	0.3836
3.6718	0.3831
3.6818	0.3826
3.6918	0.3821
3.7019	0.3816
3.7119	0.3811
3.7219	0.3806
3.7319	0.3801
3.7419	0.3796
3.7519	0.3792
3.7619	0.3787
3.7719	0.3783
3.7819	0.378
3.7919	0.3776
3.8019	0.3772
3.8119	0.3768
3.8219	0.3764
3.8319	0.3761
3.8419	0.3758
3.8519	0.3754
3.8619	0.3751
3.8719	0.3748
3.8819	0.3745
3.8919	0.3742
3.902	0.3739
3.912	0.3735
3.922	0.3732
3.932	0.3728
3.942	0.3724
3.952	0.372
3.962	0.3716
3.972	0.3713
3.982	0.3709
3.992	0.3705
4.002	0.3701
4.012	0.3697
4.022	0.3692
4.032	0.3688
4.042	0.3684
4.052	0.368
4.062	0.3677
4.072	0.3674
4.082	0.3671
4.092	0.3668
4.1021	0.3665
4.1121	0.3662
4.1221	0.3659
4.1321	0.3655
4.1421	0.3652
4.1521	0.3648
4.1621	0.3645
4.1721	0.3641
4.1821	0.3637
4.1921	0.3634
4.2021	0.363
4.2121	0.3627
4.2221	0.3625
4.2321	0.3622
4.2421	0.362
4.2521	0.3617
4.2621	0.3615
4.2721	0.3612
4.2821	0.361
4.2921	0.3607
4.3022	0.3604
4.3122	0.3602
4.3222	0.3599
4.3322	0.3596
4.3422	0.3594
4.3522	0.3591
4.3622	0.3588
4.3722	0.3585
4.3822	0.3582
4.3922	0.3578
4.4022	0.3575
4.4122	0.3571
4.4222	0.3567
4.4322	0.3563
4.4422	0.3559
4.4522	0.3554
4.4622	0.355
4.4722	0.3545
4.4822	0.3541
4.4922	0.3536
4.5023	0.3532
4.5123	0.3528
4.5223	0.3524
4.5323	0.3519
4.5423	0.3515
4.5523	0.3511
4.5623	0.3507
4.5723	0.3503
4.5823	0.35
4.5923	0.3496
4.6023	0.3493
4.6123	0.349
4.6223	0.3486
4.6323	0.3483
4.6423	0.348
4.6523	0.3478
4.6623	0.3475
4.6723	0.3473
4.6823	0.347
4.6923	0.3468
4.7024	0.3465
4.7124	0.3462
4.7224	0.346
4.7324	0.3457
4.7424	0.3454
4.7524	0.3451
4.7624	0.3448
4.7724	0.3445
4.7824	0.3442
4.7924	0.3439
4.8024	0.3436
4.8124	0.3433
4.8224	0.3429
4.8324	0.3426
4.8424	0.3423
4.8524	0.342
4.8624	0.3416
4.8724	0.3413
4.8824	0.3411
4.8924	0.3408
4.9025	0.3406
4.9125	0.3404
4.9225	0.3402
4.9325	0.3399
4.9425	0.3397
4.9525	0.3395
4.9625	0.3392
4.9725	0.339
4.9825	0.3388
4.9925	0.3385
5.0025	0.3383
5.0125	0.338
5.0225	0.3378
5.0325	0.3375
5.0425	0.3372
5.0525	0.337
5.0625	0.3367
5.0725	0.3364
5.0825	0.3361
5.0925	0.3359
5.1026	0.3356
5.1126	0.3353
5.1226	0.335
5.1326	0.3347
5.1426	0.3344
5.1526	0.3341
5.1626	0.3338
5.1726	0.3336
5.1826	0.3333
5.1926	0.333
5.2026	0.3327
5.2126	0.3325
5.2226	0.3322
5.2326	0.3319
5.2426	0.3317
5.2526	0.3314
5.2626	0.3311
5.2726	0.3309
5.2826	0.3306
5.2926	0.3303
5.3027	0.3301
5.3127	0.3298
5.3227	0.3295
5.3327	0.3292
5.3427	0.329
5.3527	0.3287
5.3627	0.3284
5.3727	0.3281
5.3827	0.3278
5.3927	0.3276
5.4027	0.3273
5.4127	0.327
5.4227	0.3268
5.4327	0.3265
5.4427	0.3262
5.4527	0.326
5.4627	0.3257
5.4727	0.3255
5.4827	0.3252
5.4927	0.325
5.5028	0.3247
5.5128	0.3245
5.5228	0.3242
5.5328	0.324
5.5428	0.3237
5.5528	0.3235
5.5628	0.3232
5.5728	0.323
5.5828	0.3227
5.5928	0.3225
5.6028	0.3223
5.6128	0.322
5.6228	0.3218
5.6328	0.3216
5.6428	0.3213
5.6528	0.3211
5.6628	0.3209
5.6728	0.3207
5.6828	0.3204
5.6928	0.3202
5.7029	0.32
5.7129	0.3198
5.7229	0.3196
5.7329	0.3194
5.7429	0.3191
5.7529	0.3189
5.7629	0.3187
5.7729	0.3185
5.7829	0.3183
5.7929	0.318
5.8029	0.3178
5.8129	0.3176
5.8229	0.3174
5.8329	0.3172
5.8429	0.317
5.8529	0.3168
5.8629	0.3166
5.8729	0.3164
5.8829	0.3161
5.8929	0.3159
5.903	0.3157
5.913	0.3155
5.923	0.3153
5.933	0.315
5.943	0.3148
5.953	0.3145
5.963	0.3143
5.973	0.314
5.983	0.3138
5.993	0.3135
6.003	0.3133
6.013	0.313
6.023	0.3128
6.033	0.3126
6.043	0.3123
6.053	0.3121
6.063	0.3119
6.073	0.3116
6.083	0.3114
6.093	0.3112
6.1031	0.311
6.1131	0.3108
6.1231	0.3106
6.1331	0.3104
6.1431	0.3102
6.1531	0.3099
6.1631	0.3097
6.1731	0.3095
6.1831	0.3094
6.1931	0.3092
6.2031	0.309
6.2131	0.3088
6.2231	0.3085
6.2331	0.3083
6.2431	0.3081
6.2531	0.3079
6.2631	0.3077
6.2731	0.3074
6.2831	0.3072
6.2931	0.307
6.3032	0.3068
6.3132	0.3065
6.3232	0.3063
6.3332	0.3061
6.3432	0.3058
6.3532	0.3056
6.3632	0.3054
6.3732	0.3051
6.3832	0.3049
6.3932	0.3047
6.4032	0.3044
6.4132	0.3042
6.4232	0.304
6.4332	0.3038
6.4432	0.3036
6.4532	0.3034
6.4632	0.3032
6.4732	0.303
6.4832	0.3029
6.4932	0.3027
6.5033	0.3025
6.5133	0.3023
6.5233	0.3021
6.5333	0.302
6.5433	0.3018
6.5533	0.3016
6.5633	0.3014
6.5733	0.3012
6.5833	0.301
6.5933	0.3009
6.6033	0.3007
6.6133	0.3005
6.6233	0.3003
6.6333	0.3002
6.6433	0.3001
6.6533	0.2999
6.6633	0.2998
6.6733	0.2997
6.6833	0.2995
6.6933	0.2994
6.7034	0.2993
6.7134	0.2991
6.7234	0.299
6.7334	0.2988
6.7434	0.2987
6.7534	0.2986
6.7634	0.2984
6.7734	0.2983
6.7834	0.2981
6.7934	0.2979
6.8034	0.2977
6.8134	0.2975
6.8234	0.2973
6.8334	0.2971
6.8434	0.2969
6.8534	0.2967
6.8634	0.2965
6.8734	0.2962
6.8834	0.296
6.8934	0.2958
6.9035	0.2955
6.9135	0.2953
6.9235	0.2951
6.9335	0.2949
6.9435	0.2946
6.9535	0.2944
6.9635	0.2942
6.9735	0.294
6.9835	0.2938
6.9935	0.2936
7.0035	0.2934
7.0135	0.2932
7.0235	0.293
7.0335	0.2928
7.0435	0.2927
7.0535	0.2925
7.0635	0.2923
7.0735	0.2922
7.0835	0.292
7.0935	0.2919
7.1036	0.2917
7.1136	0.2915
7.1236	0.2914
7.1336	0.2912
7.1436	0.2911
7.1536	0.2909
7.1636	0.2907
7.1736	0.2906
7.1836	0.2904
7.1936	0.2902
7.2036	0.29
7.2136	0.2899
7.2236	0.2897
7.2336	0.2896
7.2436	0.2895
7.2536	0.2893
7.2636	0.2892
7.2736	0.2891
7.2836	0.2889
7.2936	0.2888
7.3037	0.2887
7.3137	0.2885
7.3237	0.2884
7.3337	0.2882
7.3437	0.2881
7.3537	0.2879
7.3637	0.2878
7.3737	0.2876
7.3837	0.2875
7.3937	0.2874
7.4037	0.2872
7.4137	0.2871
7.4237	0.287
7.4337	0.2868
7.4437	0.2867
7.4537	0.2865
7.4637	0.2864
7.4737	0.2862
7.4837	0.2861
7.4937	0.286
7.5038	0.2858
7.5138	0.2857
7.5238	0.2855
7.5338	0.2854
7.5438	0.2853
7.5538	0.2851
7.5638	0.285
7.5738	0.2848
7.5838	0.2847
7.5938	0.2846
7.6038	0.2844
7.6138	0.2843
7.6238	0.2841
7.6338	0.284
7.6438	0.2838
7.6538	0.2837
7.6638	0.2835
7.6738	0.2834
7.6838	0.2833
7.6938	0.2831
7.7039	0.283
7.7139	0.2829
7.7239	0.2828
7.7339	0.2827
7.7439	0.2826
7.7539	0.2824
7.7639	0.2823
7.7739	0.2822
7.7839	0.2821
7.7939	0.2819
7.8039	0.2818
7.8139	0.2817
7.8239	0.2816
7.8339	0.2814
7.8439	0.2813
7.8539	0.2812
7.8639	0.281
7.8739	0.2809
7.8839	0.2807
7.8939	0.2806
7.904	0.2804
7.914	0.2802
7.924	0.28
7.934	0.2798
7.944	0.2796
7.954	0.2795
7.964	0.2793
7.974	0.2791
7.984	0.2789
7.994	0.2787
8.004	0.2785
8.014	0.2783
8.024	0.2781
8.034	0.2779
8.044	0.2777
8.054	0.2775
8.064	0.2774
8.074	0.2772
8.084	0.2771
8.094	0.2769
8.1041	0.2768
8.1141	0.2766
8.1241	0.2764
8.1341	0.2763
8.1441	0.2761
8.1541	0.2759
8.1641	0.2757
8.1741	0.2755
8.1841	0.2754
8.1941	0.2752
8.2041	0.275
8.2141	0.2749
8.2241	0.2747
8.2341	0.2746
8.2441	0.2744
8.2541	0.2743
8.2641	0.2741
8.2741	0.274
8.2841	0.2739
8.2941	0.2737
8.3042	0.2736
8.3142	0.2735
8.3242	0.2734
8.3342	0.2733
8.3442	0.2732
8.3542	0.2731
8.3642	0.2729
8.3742	0.2728
8.3842	0.2727
8.3942	0.2726
8.4042	0.2725
8.4142	0.2724
8.4242	0.2723
8.4342	0.2722
8.4442	0.2721
8.4542	0.272
8.4642	0.272
8.4742	0.2719
8.4842	0.2718
8.4942	0.2717
8.5043	0.2716
8.5143	0.2715
8.5243	0.2715
8.5343	0.2714
8.5443	0.2713
8.5543	0.2712
8.5643	0.2711
8.5743	0.271
8.5843	0.2709
8.5943	0.2708
8.6043	0.2708
8.6143	0.2707
8.6243	0.2706
8.6343	0.2705
8.6443	0.2704
8.6543	0.2703
8.6643	0.2702
8.6743	0.2701
8.6843	0.27
8.6943	0.2699
8.7044	0.2698
8.7144	0.2697
8.7244	0.2696
8.7344	0.2695
8.7444	0.2694
8.7544	0.2693
8.7644	0.2693
8.7744	0.2692
8.7844	0.2691
8.7944	0.269
8.8044	0.269
8.8144	0.2689
8.8244	0.2688
8.8344	0.2687
8.8444	0.2686
8.8544	0.2685
8.8644	0.2685
8.8744	0.2684
8.8844	0.2683
8.8944	0.2682
8.9045	0.2681
8.9145	0.268
8.9245	0.2679
8.9345	0.2678
8.9445	0.2677
8.9545	0.2676
8.9645	0.2675
8.9745	0.2674
8.9845	0.2673
8.9945	0.2672
9.0045	0.2672
9.0145	0.2671
9.0245	0.267
9.0345	0.2669
9.0445	0.2668
9.0545	0.2667
9.0645	0.2666
9.0745	0.2665
9.0845	0.2665
9.0945	0.2664
9.1046	0.2663
9.1146	0.2662
9.1246	0.266
9.1346	0.2659
9.1446	0.2658
9.1546	0.2657
9.1646	0.2656
9.1746	0.2655
9.1846	0.2654
9.1946	0.2652
9.2046	0.2651
9.2146	0.265
9.2246	0.2649
9.2346	0.2647
9.2446	0.2646
9.2546	0.2645
9.2646	0.2643
9.2746	0.2642
9.2846	0.2641
9.2946	0.2639
9.3047	0.2638
9.3147	0.2637
9.3247	0.2636
9.3347	0.2635
9.3447	0.2634
9.3547	0.2634
9.3647	0.2633
9.3747	0.2632
9.3847	0.2631
9.3947	0.2631
9.4047	0.263
9.4147	0.2629
9.4247	0.2628
9.4347	0.2627
9.4447	0.2626
9.4547	0.2624
9.4647	0.2623
9.4747	0.2622
9.4847	0.262
9.4947	0.2619
9.5048	0.2617
9.5148	0.2616
9.5248	0.2614
9.5348	0.2612
9.5448	0.261
9.5548	0.2609
9.5648	0.2607
9.5748	0.2605
9.5848	0.2603
9.5948	0.2601
9.6048	0.26
9.6148	0.2598
9.6248	0.2597
9.6348	0.2596
9.6448	0.2595
9.6548	0.2594
9.6648	0.2592
9.6748	0.2591
9.6848	0.259
9.6948	0.259
9.7049	0.2589
9.7149	0.2588
9.7249	0.2588
9.7349	0.2587
9.7449	0.2586
9.7549	0.2585
9.7649	0.2585
9.7749	0.2584
9.7849	0.2583
9.7949	0.2582
9.8049	0.2581
9.8149	0.258
9.8249	0.2578
9.8349	0.2577
9.8449	0.2576
9.8549	0.2574
9.8649	0.2573
9.8749	0.2572
9.8849	0.257
9.8949	0.2569
9.905	0.2567
9.915	0.2566
9.925	0.2564
9.935	0.2563
9.945	0.2561
9.955	0.256
9.965	0.2558
9.975	0.2557
9.985	0.2556
9.995	0.2555
10.005	0.2554
10.015	0.2553
10.025	0.2552
10.035	0.2551
10.045	0.255
10.055	0.255
10.065	0.2549
10.075	0.2548
10.085	0.2548
10.095	0.2547
10.1051	0.2546
10.1151	0.2546
10.1251	0.2545
10.1351	0.2544
10.1451	0.2544
10.1551	0.2543
10.1651	0.2542
10.1751	0.2542
10.1851	0.2541
10.1951	0.254
10.2051	0.254
10.2151	0.2539
10.2251	0.2538
10.2351	0.2538
10.2451	0.2537
10.2551	0.2536
10.2651	0.2536
10.2751	0.2535
10.2851	0.2535
10.2951	0.2534
10.3052	0.2533
10.3152	0.2533
10.3252	0.2532
10.3352	0.2531
10.3452	0.2531
10.3552	0.253
10.3652	0.2529
10.3752	0.2529
10.3852	0.2528
10.3952	0.2527
10.4052	0.2527
10.4152	0.2526
10.4252	0.2525
10.4352	0.2524
10.4452	0.2524
10.4552	0.2523
10.4652	0.2522
10.4752	0.2522
10.4852	0.2521
10.4952	0.252
10.5053	0.2519
10.5153	0.2519
10.5253	0.2518
10.5353	0.2517
10.5453	0.2517
10.5553	0.2516
10.5653	0.2515
10.5753	0.2515
10.5853	0.2514
10.5953	0.2514
10.6053	0.2513
10.6153	0.2512
10.6253	0.2512
10.6353	0.2511
10.6453	0.251
10.6553	0.251
10.6653	0.2509
10.6753	0.2508
10.6853	0.2507
10.6953	0.2507
10.7054	0.2506
10.7154	0.2505
10.7254	0.2504
10.7354	0.2504
10.7454	0.2503
10.7554	0.2502
10.7654	0.2501
10.7754	0.2501
10.7854	0.25
10.7954	0.2499
10.8054	0.2498
10.8154	0.2497
10.8254	0.2497
10.8354	0.2496
10.8454	0.2495
10.8554	0.2494
10.8654	0.2494
10.8754	0.2493
10.8854	0.2492
10.8954	0.2492
10.9055	0.2491
10.9155	0.249
10.9255	0.2489
10.9355	0.2489
10.9455	0.2488
10.9555	0.2487
10.9655	0.2487
10.9755	0.2486
10.9855	0.2485
10.9955	0.2485
11.0055	0.2484
11.0155	0.2483
11.0255	0.2483
11.0355	0.2482
11.0455	0.2481
11.0555	0.2481
11.0655	0.248
11.0755	0.2479
11.0855	0.2478
11.0955	0.2478
11.1056	0.2477
11.1156	0.2476
11.1256	0.2475
11.1356	0.2475
11.1456	0.2474
11.1556	0.2473
11.1656	0.2473
11.1756	0.2472
11.1856	0.2471
11.1956	0.247
11.2056	0.247
11.2156	0.2469
11.2256	0.2468
11.2356	0.2467
11.2456	0.2467
11.2556	0.2466
11.2656	0.2465
11.2756	0.2465
11.2856	0.2464
11.2956	0.2463
11.3057	0.2463
11.3157	0.2462
11.3257	0.2461
11.3357	0.246
11.3457	0.246
11.3557	0.2459
11.3657	0.2458
11.3757	0.2458
11.3857	0.2457
11.3957	0.2456
11.4057	0.2456
11.4157	0.2455
11.4257	0.2454
11.4357	0.2454
11.4457	0.2453
11.4557	0.2452
11.4657	0.2451
11.4757	0.2451
11.4857	0.245
11.4957	0.2449
11.5058	0.2448
11.5158	0.2447
11.5258	0.2447
11.5358	0.2446
11.5458	0.2445
11.5558	0.2444
11.5658	0.2444
11.5758	0.2443
11.5858	0.2442
11.5958	0.2441
11.6058	0.2441
11.6158	0.244
11.6258	0.2439
11.6358	0.2438
11.6458	0.2438
11.6558	0.2437
11.6658	0.2436
11.6758	0.2436
11.6858	0.2435
11.6958	0.2434
11.7059	0.2434
11.7159	0.2433
11.7259	0.2432
11.7359	0.2432
11.7459	0.2431
11.7559	0.243
11.7659	0.243
11.7759	0.2429
11.7859	0.2428
11.7959	0.2428
11.8059	0.2427
11.8159	0.2427
11.8259	0.2426
11.8359	0.2426
11.8459	0.2425
11.8559	0.2425
11.8659	0.2424
11.8759	0.2423
11.8859	0.2423
11.8959	0.2422
11.906	0.2422
11.916	0.2421
11.926	0.2421
11.936	0.242
11.946	0.242
11.956	0.2419
11.966	0.2418
11.976	0.2418
11.986	0.2417
11.996	0.2417
12.006	0.2416
12.016	0.2416
12.026	0.2415
12.036	0.2415
12.046	0.2414
12.056	0.2414
12.066	0.2413
12.076	0.2413
12.086	0.2412
12.096	0.2412
12.1061	0.2411
12.1161	0.241
12.1261	0.241
12.1361	0.2409
12.1461	0.2409
12.1561	0.2408
12.1661	0.2408
12.1761	0.2407
12.1861	0.2407
12.1961	0.2406
12.2061	0.2406
12.2161	0.2405
12.2261	0.2405
12.2361	0.2404
12.2461	0.2404
12.2561	0.2403
12.2661	0.2402
12.2761	0.2402
12.2861	0.2401
12.2961	0.2401
12.3062	0.24
12.3162	0.24
12.3262	0.2399
12.3362	0.2399
12.3462	0.2398
12.3562	0.2398
12.3662	0.2397
12.3762	0.2397
12.3862	0.2396
12.3962	0.2395
12.4062	0.2395
12.4162	0.2394
12.4262	0.2394
12.4362	0.2393
12.4462	0.2393
12.4562	0.2393
12.4662	0.2392
12.4762	0.2392
12.4862	0.2391
12.4962	0.2391
12.5063	0.239
12.5163	0.239
12.5263	0.239
12.5363	0.2389
12.5463	0.2389
12.5563	0.2388
12.5663	0.2388
12.5763	0.2387
12.5863	0.2387
12.5963	0.2386
12.6063	0.2386
12.6163	0.2386
12.6263	0.2385
12.6363	0.2385
12.6463	0.2384
12.6563	0.2384
12.6663	0.2383
12.6763	0.2383
12.6863	0.2382
12.6963	0.2382
12.7064	0.2382
12.7164	0.2381
12.7264	0.2381
12.7364	0.238
12.7464	0.238
12.7564	0.2379
12.7664	0.2379
12.7764	0.2378
12.7864	0.2378
12.7964	0.2378
12.8064	0.2377
12.8164	0.2377
12.8264	0.2377
12.8364	0.2376
12.8464	0.2376
12.8564	0.2376
12.8664	0.2375
12.8764	0.2375
12.8864	0.2375
12.8964	0.2374
12.9065	0.2374
12.9165	0.2374
12.9265	0.2373
12.9365	0.2373
12.9465	0.2373
12.9565	0.2373
12.9665	0.2372
12.9765	0.2372
12.9865	0.2372
12.9965	0.2371
13.0065	0.2371
13.0165	0.2371
13.0265	0.237
13.0365	0.237
13.0465	0.237
13.0565	0.2369
13.0665	0.2369
13.0765	0.2368
13.0865	0.2368
13.0965	0.2368
13.1066	0.2367
13.1166	0.2367
13.1266	0.2367
13.1366	0.2366
13.1466	0.2366
13.1566	0.2365
13.1666	0.2365
13.1766	0.2365
13.1866	0.2364
13.1966	0.2364
13.2066	0.2363
13.2166	0.2363
13.2266	0.2362
13.2366	0.2362
13.2466	0.2361
13.2566	0.2361
13.2666	0.236
13.2766	0.236
13.2866	0.2359
13.2966	0.2358
13.3067	0.2358
13.3167	0.2357
13.3267	0.2356
13.3367	0.2356
13.3467	0.2355
13.3567	0.2354
13.3667	0.2354
13.3767	0.2353
13.3867	0.2352
13.3967	0.2351
13.4067	0.235
13.4167	0.2349
13.4267	0.2348
13.4367	0.2347
13.4467	0.2346
13.4567	0.2345
13.4667	0.2344
13.4767	0.2343
13.4867	0.2342
13.4967	0.2341
13.5068	0.234
13.5168	0.234
13.5268	0.2339
13.5368	0.2339
13.5468	0.2339
13.5568	0.2339
13.5668	0.2339
13.5768	0.2339
13.5868	0.2339
13.5968	0.2339
13.6068	0.2339
13.6168	0.2339
13.6268	0.2339
13.6368	0.2339
13.6468	0.2339
13.6568	0.2338
13.6668	0.2338
13.6768	0.2338
13.6868	0.2338
13.6968	0.2337
13.7069	0.2337
13.7169	0.2337
13.7269	0.2336
13.7369	0.2336
13.7469	0.2335
13.7569	0.2335
13.7669	0.2334
13.7769	0.2334
13.7869	0.2333
13.7969	0.2332
13.8069	0.2332
13.8169	0.2331
13.8269	0.233
13.8369	0.2329
13.8469	0.2329
13.8569	0.2328
13.8669	0.2327
13.8769	0.2326
13.8869	0.2325
13.8969	0.2324
13.907	0.2323
13.917	0.2322
13.927	0.2321
13.937	0.232
13.947	0.2319
13.957	0.2318
13.967	0.2317
13.977	0.2317
13.987	0.2316
13.997	0.2316
14.007	0.2316
14.017	0.2316
14.027	0.2316
14.037	0.2316
14.047	0.2316
14.057	0.2316
14.067	0.2316
14.077	0.2316
14.087	0.2316
14.097	0.2316
14.1071	0.2316
14.1171	0.2316
14.1271	0.2316
14.1371	0.2316
14.1471	0.2316
14.1571	0.2316
14.1671	0.2315
14.1771	0.2315
14.1871	0.2315
14.1971	0.2315
14.2071	0.2315
14.2171	0.2315
14.2271	0.2315
14.2371	0.2315
14.2471	0.2314
14.2571	0.2314
14.2671	0.2314
14.2771	0.2314
14.2871	0.2313
14.2971	0.2313
14.3072	0.2313
14.3172	0.2313
14.3272	0.2312
14.3372	0.2312
14.3472	0.2312
14.3572	0.2311
14.3672	0.2311
14.3772	0.2311
14.3872	0.231
14.3972	0.231
14.4072	0.231
14.4172	0.2309
14.4272	0.2309
14.4372	0.2309
14.4472	0.2308
14.4572	0.2308
14.4672	0.2307
14.4772	0.2307
14.4872	0.2307
14.4972	0.2306
14.5073	0.2306
14.5173	0.2305
14.5273	0.2305
14.5373	0.2304
14.5473	0.2304
14.5573	0.2304
14.5673	0.2303
14.5773	0.2303
14.5873	0.2302
14.5973	0.2302
14.6073	0.2301
14.6173	0.2301
14.6273	0.2301
14.6373	0.23
14.6473	0.23
14.6573	0.2299
14.6673	0.2299
14.6773	0.2299
14.6873	0.2298
14.6973	0.2298
14.7074	0.2297
14.7174	0.2297
14.7274	0.2297
14.7374	0.2296
14.7474	0.2296
14.7574	0.2295
14.7674	0.2295
14.7774	0.2295
14.7874	0.2294
14.7974	0.2294
14.8074	0.2294
14.8174	0.2293
14.8274	0.2293
14.8374	0.2292
14.8474	0.2292
14.8574	0.2291
14.8674	0.2291
14.8774	0.2291
14.8874	0.229
14.8974	0.229
14.9075	0.2289
14.9175	0.2289
14.9275	0.2288
14.9375	0.2288
14.9475	0.2287
14.9575	0.2287
14.9675	0.2286
14.9775	0.2286
14.9875	0.2286
14.9975	0.2285
15.0075	0.2285
15.0175	0.2284
15.0275	0.2284
15.0375	0.2283
15.0475	0.2283
15.0575	0.2282
15.0675	0.2282
15.0775	0.2281
15.0875	0.2281
15.0975	0.228
15.1076	0.228
15.1176	0.2279
15.1276	0.2279
15.1376	0.2278
15.1476	0.2278
15.1576	0.2277
15.1676	0.2277
15.1776	0.2276
15.1876	0.2276
15.1976	0.2275
15.2076	0.2275
15.2176	0.2274
15.2276	0.2274
15.2376	0.2274
15.2476	0.2273
15.2576	0.2273
15.2676	0.2273
15.2776	0.2272
15.2876	0.2272
15.2976	0.2272
15.3077	0.2271
15.3177	0.2271
15.3277	0.2271
15.3377	0.2271
15.3477	0.2271
15.3577	0.227
15.3677	0.227
15.3777	0.227
15.3877	0.227
15.3977	0.2269
15.4077	0.2269
15.4177	0.2269
15.4277	0.2269
15.4377	0.2269
15.4477	0.2268
15.4577	0.2268
15.4677	0.2268
15.4777	0.2268
15.4877	0.2268
15.4977	0.2267
15.5078	0.2267
15.5178	0.2267
15.5278	0.2267
15.5378	0.2267
15.5478	0.2266
15.5578	0.2266
15.5678	0.2266
15.5778	0.2266
15.5878	0.2266
15.5978	0.2265
15.6078	0.2265
15.6178	0.2265
15.6278	0.2265
15.6378	0.2265
15.6478	0.2264
15.6578	0.2264
15.6678	0.2264
15.6778	0.2264
15.6878	0.2264
15.6978	0.2264
15.7079	0.2263
15.7179	0.2263
15.7279	0.2263
15.7379	0.2263
15.7479	0.2263
15.7579	0.2263
15.7679	0.2263
15.7779	0.2263
15.7879	0.2263
15.7979	0.2263
15.8079	0.2263
15.8179	0.2263
15.8279	0.2263
15.8379	0.2263
15.8479	0.2263
15.8579	0.2263
15.8679	0.2263
15.8779	0.2263
15.8879	0.2263
15.8979	0.2263
15.908	0.2263
15.918	0.2263
15.928	0.2263
15.938	0.2263
15.948	0.2263
15.958	0.2262
15.968	0.2262
15.978	0.2262
15.988	0.2262
15.998	0.2262
16.008	0.2262
16.018	0.2261
16.028	0.2261
16.038	0.2261
16.048	0.2261
16.058	0.226
16.068	0.226
16.078	0.226
16.088	0.226
16.098	0.2259
16.1081	0.2259
16.1181	0.2259
16.1281	0.2258
16.1381	0.2258
16.1481	0.2258
16.1581	0.2257
16.1681	0.2257
16.1781	0.2257
16.1881	0.2256
16.1981	0.2256
16.2081	0.2256
16.2181	0.2255
16.2281	0.2255
16.2381	0.2255
16.2481	0.2254
16.2581	0.2254
16.2681	0.2253
16.2781	0.2253
16.2881	0.2253
16.2981	0.2252
16.3082	0.2252
16.3182	0.2252
16.3282	0.2251
16.3382	0.2251
16.3482	0.2251
16.3582	0.225
16.3682	0.225
16.3782	0.225
16.3882	0.2249
16.3982	0.2249
16.4082	0.2249
16.4182	0.2249
16.4282	0.2248
16.4382	0.2248
16.4482	0.2248
16.4582	0.2248
16.4682	0.2247
16.4782	0.2247
16.4882	0.2247
16.4982	0.2247
16.5083	0.2247
16.5183	0.2247
16.5283	0.2246
16.5383	0.2246
16.5483	0.2246
16.5583	0.2246
16.5683	0.2246
16.5783	0.2246
16.5883	0.2245
16.5983	0.2245
16.6083	0.2245
16.6183	0.2245
16.6283	0.2245
16.6383	0.2245
16.6483	0.2245
16.6583	0.2245
16.6683	0.2245
16.6783	0.2245
16.6883	0.2244
16.6983	0.2244
16.7084	0.2244
16.7184	0.2244
16.7284	0.2244
16.7384	0.2244
16.7484	0.2244
16.7584	0.2244
16.7684	0.2244
16.7784	0.2244
16.7884	0.2244
16.7984	0.2244
16.8084	0.2243
16.8184	0.2243
16.8284	0.2243
16.8384	0.2243
16.8484	0.2243
16.8584	0.2243
16.8684	0.2243
16.8784	0.2243
16.8884	0.2243
16.8984	0.2243
16.9085	0.2242
16.9185	0.2242
16.9285	0.2242
16.9385	0.2242
16.9485	0.2242
16.9585	0.2242
16.9685	0.2242
16.9785	0.2242
16.9885	0.2242
16.9985	0.2241
17.0085	0.2241
17.0185	0.2241
17.0285	0.2241
17.0385	0.2241
17.0485	0.2241
17.0585	0.2241
17.0685	0.2241
17.0785	0.224
17.0885	0.224
17.0985	0.224
17.1086	0.224
17.1186	0.224
17.1286	0.224
17.1386	0.2239
17.1486	0.2239
17.1586	0.2239
17.1686	0.2239
17.1786	0.2239
17.1886	0.2239
17.1986	0.2239
17.2086	0.2238
17.2186	0.2238
17.2286	0.2238
17.2386	0.2238
17.2486	0.2238
17.2586	0.2238
17.2686	0.2237
17.2786	0.2237
17.2886	0.2237
17.2986	0.2237
17.3087	0.2237
17.3187	0.2237
17.3287	0.2237
17.3387	0.2237
17.3487	0.2236
17.3587	0.2236
17.3687	0.2236
17.3787	0.2236
17.3887	0.2236
17.3987	0.2236
17.4087	0.2236
17.4187	0.2236
17.4287	0.2236
17.4387	0.2235
17.4487	0.2235
17.4587	0.2235
17.4687	0.2235
17.4787	0.2235
17.4887	0.2235
17.4987	0.2235
17.5088	0.2235
17.5188	0.2234
17.5288	0.2234
17.5388	0.2234
17.5488	0.2234
17.5588	0.2234
17.5688	0.2234
17.5788	0.2233
17.5888	0.2233
17.5988	0.2233
17.6088	0.2233
17.6188	0.2233
17.6288	0.2232
17.6388	0.2232
17.6488	0.2232
17.6588	0.2232
17.6688	0.2232
17.6788	0.2231
17.6888	0.2231
17.6988	0.2231
17.7089	0.2231
17.7189	0.223
17.7289	0.223
17.7389	0.223
17.7489	0.223
17.7589	0.223
17.7689	0.223
17.7789	0.2229
17.7889	0.2229
17.7989	0.2229
17.8089	0.2229
17.8189	0.2229
17.8289	0.2228
17.8389	0.2228
17.8489	0.2228
17.8589	0.2228
17.8689	0.2227
17.8789	0.2227
17.8889	0.2227
17.8989	0.2227
17.909	0.2227
17.919	0.2227
17.929	0.2226
17.939	0.2226
17.949	0.2226
17.959	0.2226
17.969	0.2226
17.979	0.2226
17.989	0.2225
17.999	0.2225
18.009	0.2225
18.019	0.2225
18.029	0.2225
18.039	0.2225
18.049	0.2225
18.059	0.2225
18.069	0.2225
18.079	0.2225
18.089	0.2225
18.099	0.2225
18.1091	0.2225
18.1191	0.2226
18.1291	0.2226
18.1391	0.2226
18.1491	0.2226
18.1591	0.2226
18.1691	0.2226
18.1791	0.2226
18.1891	0.2226
18.1991	0.2227
18.2091	0.2227
18.2191	0.2227
18.2291	0.2227
18.2391	0.2227
18.2491	0.2227
18.2591	0.2227
18.2691	0.2227
18.2791	0.2228
18.2891	0.2228
18.2991	0.2228
18.3092	0.2228
18.3192	0.2228
18.3292	0.2228
18.3392	0.2228
18.3492	0.2228
18.3592	0.2228
18.3692	0.2228
18.3792	0.2228
18.3892	0.2229
18.3992	0.2229
18.4092	0.2229
18.4192	0.2229
18.4292	0.2229
18.4392	0.2229
18.4492	0.2229
18.4592	0.2229
18.4692	0.2229
18.4792	0.2229
18.4892	0.2229
18.4992	0.2229
18.5093	0.2229
18.5193	0.2229
18.5293	0.2229
18.5393	0.2229
18.5493	0.2229
18.5593	0.2229
18.5693	0.2229
18.5793	0.2229
18.5893	0.2229
18.5993	0.2229
18.6093	0.2229
18.6193	0.2229
18.6293	0.2229
18.6393	0.2229
18.6493	0.2229
18.6593	0.2229
18.6693	0.2229
18.6793	0.2229
18.6893	0.2229
18.6993	0.2229
18.7094	0.2229
18.7194	0.2229
18.7294	0.2229
18.7394	0.2229
18.7494	0.2228
18.7594	0.2228
18.7694	0.2228
18.7794	0.2228
18.7894	0.2228
18.7994	0.2228
18.8094	0.2228
18.8194	0.2228
18.8294	0.2228
18.8394	0.2228
18.8494	0.2227
18.8594	0.2227
18.8694	0.2227
18.8794	0.2227
18.8894	0.2227
18.8994	0.2227
18.9095	0.2227
18.9195	0.2226
18.9295	0.2226
18.9395	0.2226
18.9495	0.2226
18.9595	0.2226
18.9695	0.2226
18.9795	0.2226
18.9895	0.2226
18.9995	0.2225
19.0095	0.2225
19.0195	0.2225
19.0295	0.2225
19.0395	0.2225
19.0495	0.2225
19.0595	0.2225
19.0695	0.2225
19.0795	0.2225
19.0895	0.2225
19.0995	0.2224
19.1096	0.2224
19.1196	0.2224
19.1296	0.2224
19.1396	0.2224
19.1496	0.2224
19.1596	0.2224
19.1696	0.2224
19.1796	0.2224
19.1896	0.2224
19.1996	0.2224
19.2096	0.2224
19.2196	0.2224
19.2296	0.2223
19.2396	0.2223
19.2496	0.2223
19.2596	0.2223
19.2696	0.2223
19.2796	0.2223
19.2896	0.2223
19.2996	0.2223
19.3097	0.2223
19.3197	0.2223
19.3297	0.2223
19.3397	0.2223
19.3497	0.2223
19.3597	0.2223
19.3697	0.2222
19.3797	0.2222
19.3897	0.2222
19.3997	0.2222
19.4097	0.2222
19.4197	0.2222
19.4297	0.2222
19.4397	0.2222
19.4497	0.2222
19.4597	0.2221
19.4697	0.2221
19.4797	0.2221
19.4897	0.2221
19.4997	0.2221
19.5098	0.2221
19.5198	0.222
19.5298	0.222
19.5398	0.222
19.5498	0.222
19.5598	0.222
19.5698	0.222
19.5798	0.2219
19.5898	0.2219
19.5998	0.2219
19.6098	0.2219
19.6198	0.2219
19.6298	0.2218
19.6398	0.2218
19.6498	0.2218
19.6598	0.2218
19.6698	0.2218
19.6798	0.2218
19.6898	0.2218
19.6998	0.2217
19.7099	0.2217
19.7199	0.2217
19.7299	0.2217
19.7399	0.2217
19.7499	0.2217
19.7599	0.2216
19.7699	0.2216
19.7799	0.2216
19.7899	0.2216
19.7999	0.2216
19.8099	0.2216
19.8199	0.2215
19.8299	0.2215
19.8399	0.2215
19.8499	0.2215
19.8599	0.2215
19.8699	0.2214
19.8799	0.2214
19.8899	0.2214
19.8999	0.2214
19.91	0.2214
19.92	0.2214
19.93	0.2214
19.94	0.2213
19.95	0.2213
19.96	0.2213
19.97	0.2213
19.98	0.2213
19.99	0.2213
